Data/GIS/bfa_recorded_trips.asc
ncols         173
nrows         126
xllcorner     224227.65281
yllcorner     1039207.04677
cellsize      5000
NODATA_value  -9999
[rows 42 to 83 of 126, columns 0 to 94 of 173]
-9999 -9999 -9999 -9999 -9999 -9999 -9999 -9999 -9999 -9999 -9999 -9999 -9999 -9999 -9999 -9999 -9999 -9999 -9999 -9999 -9999 -9999 -9999 -9999 -9999 -9999 -9999 105 100 127 118 99 95 116 125 120 103 81 61 44 68 63 96 -9999 -9999 -9999 95 112 131 151 180 217 192 223 209 186 138 140 201 271 171 196 173 166 174 261 369 401 705 320 244 223 237 269 207 179 230 178 149 164 155 133 182 196 217 244 288 255 244 219 204 211 301 368 583
-9999 -9999 -9999 -9999 -9999 -9999 -9999 -9999 -9999 -9999 -9999 -9999 -9999 -9999 -9999 -9999 -9999 -9999 -9999 -9999 -9999 -9999 -9999 -9999 -9999 -9999 116 90 144 174 141 138 120 141 138 146 130 112 79 95 94 61 50 59 91 129 149 124 125 163 204 181 259 309 273 238 247 258 301 269 230 186 168 166 193 188 304 371 551 385 264 236 215 228 220 223 183 192 164 156 190 155 176 215 257 284 309 228 240 219 252 261 319 284 376
-9999 -9999 -9999 -9999 -9999 -9999 -9999 -9999 -9999 -9999 -9999 -9999 -9999 -9999 -9999 -9999 -9999 -9999 -9999 -9999 -9999 -9999 -9999 -9999 -9999 -9999 -9999 113 119 139 167 192 139 141 154 137 129 109 89 110 113 70 84 84 101 133 120 177 181 233 236 262 380 493 399 342 360 270 206 186 189 153 122 185 184 234 304 294 306 431 239 227 221 233 286 235 199 210 245 232 220 239 216 234 255 276 292 159 237 174 224 343 373 581 660
-9999 -9999 -9999 -9999 -9999 -9999 -9999 -9999 -9999 -9999 -9999 -9999 -9999 -9999 -9999 -9999 -9999 -9999 -9999 -9999 -9999 -9999 -9999 -9999 -9999 -9999 -9999 78 116 84 99 151 177 182 228 149 122 120 95 91 92 79 59 78 107 138 146 119 125 122 133 172 302 392 285 211 197 204 155 146 148 116 144 196 213 239 212 167 223 345 333 269 316 243 284 282 271 327 275 272 283 273 284 228 280 309 303 219 304 351 314 473 489 333 455
-9999 -9999 -9999 -9999 -9999 -9999 -9999 -9999 -9999 -9999 -9999 -9999 -9999 -9999 -9999 -9999 -9999 -9999 -9999 -9999 -9999 -9999 -9999 -9999 -9999 -9999 -9999 -9999 94 104 109 135 160 203 199 139 92 114 103 82 75 73 81 104 129 131 117 126 104 113 141 195 270 264 319 210 238 149 136 195 119 128 156 179 194 201 232 172 214 362 428 367 328 349 350 327 277 244 223 215 275 278 315 258 352 330 384 398 412 465 467 339 264 182 237
-9999 -9999 -9999 -9999 -9999 -9999 -9999 -9999 -9999 -9999 -9999 -9999 -9999 -9999 -9999 -9999 -9999 -9999 -9999 -9999 -9999 -9999 -9999 -9999 -9999 -9999 -9999 -9999 87 129 148 160 142 147 214 166 99 93 115 103 84 92 89 102 97 133 103 141 129 160 164 202 149 159 301 274 191 155 193 161 206 217 243 209 160 291 276 286 338 375 428 425 359 292 284 228 232 218 214 177 207 237 267 195 259 279 347 291 247 268 319 339 244 215 265
-9999 -9999 -9999 -9999 -9999 -9999 -9999 -9999 -9999 -9999 -9999 -9999 -9999 -9999 -9999 -9999 -9999 -9999 -9999 -9999 -9999 -9999 -9999 -9999 -9999 -9999 -9999 -9999 123 118 140 137 107 74 152 297 164 102 119 111 151 162 139 119 87 105 113 97 100 111 159 185 119 147 253 303 276 227 257 257 231 204 206 258 267 306 308 257 280 404 321 345 367 310 289 269 292 258 163 140 185 240 198 191 201 319 383 236 206 208 229 321 228 298 312
-9999 -9999 -9999 -9999 -9999 -9999 -9999 -9999 -9999 -9999 -9999 -9999 -9999 -9999 -9999 -9999 -9999 -9999 -9999 -9999 -9999 -9999 -9999 -9999 -9999 -9999 -9999 -9999 85 93 136 144 128 118 129 239 184 157 166 181 178 128 128 114 132 102 104 112 105 110 140 167 124 125 159 262 230 286 205 156 149 101 161 193 215 206 247 274 323 312 285 298 309 298 275 350 351 306 228 183 199 215 249 279 259 317 368 331 267 251 247 233 244 277 250
-9999 -9999 -9999 -9999 -9999 -9999 -9999 -9999 -9999 -9999 -9999 -9999 -9999 -9999 -9999 -9999 -9999 -9999 -9999 -9999 -9999 -9999 -9999 -9999 -9999 -9999 -9999 -9999 77 79 126 166 168 191 213 178 315 234 228 140 159 158 159 143 148 129 134 143 123 149 168 159 165 126 229 296 266 194 220 203 157 126 170 163 159 184 278 308 321 247 258 286 314 264 301 309 368 397 380 318 287 251 290 290 391 446 432 284 241 196 281 263 272 250 325
-9999 -9999 -9999 -9999 -9999 -9999 -9999 -9999 -9999 -9999 -9999 -9999 -9999 -9999 -9999 -9999 -9999 -9999 -9999 -9999 -9999 -9999 -9999 -9999 -9999 -9999 -9999 -9999 96 99 129 164 176 176 251 284 385 276 184 123 100 111 129 130 127 144 149 110 109 162 148 177 206 301 251 251 284 277 195 168 169 125 158 150 189 204 257 319 300 285 241 264 249 227 244 268 381 395 415 326 227 241 304 301 276 302 625 378 316 260 299 344 261 290 460
-9999 -9999 -9999 -9999 -9999 -9999 -9999 -9999 -9999 -9999 -9999 -9999 -9999 -9999 -9999 -9999 -9999 -9999 -9999 -9999 -9999 -9999 -9999 -9999 64 92 -9999 -9999 126 144 134 119 125 178 236 389 285 304 199 106 86 83 116 113 189 133 115 125 116 179 181 181 240 193 214 225 241 279 251 224 222 240 191 205 185 198 199 292 320 312 245 209 244 240 263 277 332 398 487 393 209 234 285 374 253 350 565 271 250 274 353 342 401 491 365
-9999 -9999 -9999 -9999 -9999 -9999 -9999 -9999 -9999 -9999 -9999 -9999 -9999 -9999 -9999 -9999 -9999 -9999 -9999 -9999 -9999 -9999 -9999 79 94 92 96 101 80 89 116 98 140 217 297 243 236 149 292 175 104 91 116 150 179 139 152 135 136 193 205 243 226 200 147 167 196 212 205 163 225 259 203 172 177 125 194 319 319 289 271 278 226 231 268 297 348 405 544 441 255 285 324 365 478 297 808 461 382 423 515 363 415 555 395
-9999 -9999 -9999 -9999 -9999 -9999 -9999 -9999 -9999 -9999 -9999 -9999 -9999 -9999 -9999 -9999 -9999 -9999 -9999 -9999 -9999 -9999 -9999 79 70 78 92 70 70 91 109 119 137 135 174 152 213 153 170 226 176 130 137 165 182 136 183 219 206 257 257 236 172 105 113 164 169 197 127 149 156 242 269 181 183 204 241 337 352 325 288 246 252 231 228 285 331 387 530 638 415 371 458 443 590 372 703 535 566 551 539 670 701 433 431
-9999 -9999 -9999 -9999 -9999 -9999 -9999 -9999 -9999 -9999 -9999 -9999 -9999 -9999 -9999 -9999 -9999 -9999 -9999 -9999 -9999 -9999 -9999 -9999 85 75 85 93 61 83 106 170 116 128 132 187 210 115 144 228 265 190 177 195 210 201 215 293 317 255 192 190 200 144 127 147 131 182 136 121 130 194 305 257 166 203 229 348 409 313 276 287 234 243 247 276 318 391 507 645 479 465 413 289 307 407 668 750 587 724 841 1064 641 426 346
-9999 -9999 -9999 -9999 -9999 -9999 -9999 -9999 -9999 -9999 -9999 -9999 -9999 -9999 -9999 -9999 -9999 -9999 -9999 -9999 -9999 -9999 -9999 -9999 -9999 94 83 73 66 87 132 123 77 98 120 135 198 138 176 152 202 286 257 229 286 367 279 247 244 177 152 103 123 163 126 127 145 196 136 109 166 218 287 248 153 156 223 341 387 319 305 295 266 271 237 268 311 395 477 528 774 950 891 389 398 593 345 366 347 1129 1486 783 595 408 443
-9999 -9999 -9999 -9999 -9999 -9999 -9999 -9999 -9999 -9999 -9999 -9999 -9999 -9999 -9999 -9999 -9999 -9999 -9999 -9999 -9999 -9999 -9999 -9999 91 76 55 65 73 87 118 93 100 89 112 115 160 153 131 115 239 220 317 388 454 375 201 160 178 161 129 119 109 144 115 92 100 160 147 139 167 228 256 257 124 160 193 419 442 450 374 330 328 273 241 251 359 312 233 316 575 818 1165 374 299 534 616 635 703 2077 1549 429 397 740 598
-9999 -9999 -9999 -9999 -9999 -9999 -9999 -9999 -9999 -9999 -9999 -9999 -9999 -9999 -9999 -9999 -9999 -9999 -9999 -9999 -9999 -9999 -9999 -9999 113 99 78 75 92 109 135 118 96 129 108 136 159 138 147 174 182 155 194 399 470 440 340 228 190 175 100 156 134 145 102 81 91 118 164 193 193 268 289 364 207 153 232 396 495 535 430 402 300 294 269 252 311 364 282 260 740 745 1425 3095 824 1267 2607 2360 1715 625 542 401 242 378 588
-9999 -9999 -9999 -9999 -9999 -9999 -9999 -9999 -9999 -9999 -9999 -9999 -9999 -9999 -9999 -9999 -9999 -9999 -9999 -9999 -9999 -9999 -9999 -9999 90 105 110 96 129 158 176 177 159 128 126 118 170 153 182 159 125 203 270 259 167 248 214 290 228 156 126 163 191 159 107 109 114 130 119 100 170 237 218 392 380 259 296 281 440 648 468 359 282 281 276 228 266 332 366 419 585 839 383 492 1630 3029 3512 3517 2846 625 349 361 253 304 494
-9999 -9999 -9999 -9999 -9999 -9999 -9999 -9999 -9999 -9999 -9999 -9999 -9999 -9999 -9999 -9999 -9999 -9999 -9999 -9999 -9999 -9999 -9999 -9999 97 128 121 136 150 156 167 159 166 155 178 182 147 112 110 97 103 138 287 207 167 144 128 205 323 255 198 220 153 128 122 145 154 108 101 104 106 172 234 250 305 522 410 413 293 567 322 287 282 286 239 210 262 287 282 265 331 306 350 459 1311 3106 3648 3606 1747 616 317 278 230 366 393
-9999 -9999 -9999 -9999 -9999 -9999 -9999 -9999 -9999 -9999 -9999 -9999 -9999 -9999 -9999 -9999 -9999 -9999 -9999 -9999 -9999 -9999 -9999 87 88 79 86 106 102 126 180 118 130 169 129 175 153 109 103 101 79 150 275 208 169 130 102 120 177 242 220 236 159 130 192 195 160 127 132 102 108 216 260 308 317 494 675 564 512 711 436 414 331 220 274 193 281 297 369 426 479 318 483 575 822 2574 3171 3143 1052 512 307 228 211 153 290
-9999 -9999 -9999 -9999 -9999 -9999 -9999 -9999 -9999 -9999 -9999 -9999 -9999 -9999 -9999 -9999 -9999 -9999 -9999 -9999 -9999 -9999 80 77 105 91 76 90 93 174 248 140 140 182 181 165 121 89 66 73 127 199 275 199 121 109 90 98 146 180 192 231 256 240 277 201 164 178 171 133 136 206 284 328 387 431 542 1058 2371 953 664 539 385 347 337 334 359 293 304 416 393 692 466 394 456 823 1722 977 722 416 286 233 121 108 153
-9999 -9999 -9999 -9999 -9999 -9999 -9999 -9999 -9999 -9999 -9999 -9999 -9999 -9999 -9999 -9999 -9999 -9999 -9999 -9999 -9999 62 76 91 96 119 104 74 103 122 291 218 223 199 198 122 95 115 65 93 137 206 206 227 132 99 118 111 148 262 296 195 227 163 190 245 232 236 247 183 173 218 317 393 395 472 580 750 1225 614 642 574 448 504 450 420 429 406 450 633 688 375 344 378 393 464 608 307 454 427 332 266 182 161 167
-9999 -9999 -9999 -9999 -9999 -9999 -9999 -9999 -9999 -9999 -9999 -9999 -9999 -9999 -9999 -9999 -9999 -9999 -9999 -9999 -9999 72 77 86 110 115 108 79 93 193 361 365 196 137 108 82 87 84 89 137 245 272 185 150 167 115 139 145 166 276 245 132 158 165 179 219 181 206 240 271 281 339 309 384 372 271 345 392 642 766 449 322 439 377 293 458 471 346 417 409 605 279 279 337 339 422 412 828 1154 407 214 214 185 142 107
-9999 -9999 -9999 -9999 -9999 -9999 -9999 -9999 -9999 -9999 -9999 -9999 -9999 -9999 -9999 -9999 -9999 -9999 -9999 -9999 -9999 57 78 86 112 153 89 111 150 208 263 305 165 113 85 78 85 88 99 161 217 194 179 160 158 140 134 226 258 467 244 137 90 159 162 181 133 147 174 208 210 250 258 353 257 255 318 309 407 496 498 343 358 335 406 326 283 297 311 245 339 268 243 236 255 393 768 937 707 678 324 573 279 203 142
-9999 -9999 -9999 -9999 -9999 -9999 -9999 -9999 -9999 -9999 -9999 -9999 -9999 -9999 -9999 -9999 -9999 -9999 -9999 99 91 64 70 78 116 138 166 194 234 221 214 243 208 142 95 86 72 73 126 201 196 156 154 166 159 163 175 214 236 270 279 151 160 167 166 164 94 117 138 137 188 193 215 257 204 224 253 245 356 375 440 405 444 349 244 304 232 295 264 188 319 308 353 192 566 859 615 583 470 479 822 532 386 249 175
-9999 -9999 -9999 -9999 -9999 -9999 -9999 -9999 -9999 -9999 -9999 -9999 -9999 -9999 -9999 -9999 -9999 -9999 114 122 111 94 71 101 146 154 174 147 180 193 186 169 145 108 119 97 95 91 152 215 194 181 119 140 154 175 149 168 261 207 183 271 226 149 153 140 124 99 142 112 195 181 197 195 228 171 190 206 311 369 405 359 251 241 212 193 216 233 189 222 214 188 196 297 527 615 443 360 461 484 471 640 450 364 341
-9999 -9999 -9999 -9999 -9999 -9999 -9999 -9999 -9999 -9999 -9999 -9999 58 81 75 80 112 121 97 146 171 132 80 89 148 138 173 188 136 143 204 112 90 117 119 105 174 122 154 183 176 156 151 118 127 166 187 229 193 193 127 158 219 173 147 162 155 105 128 183 194 165 158 207 232 135 118 231 376 295 210 276 237 157 134 121 162 133 162 244 241 286 278 313 294 404 425 347 299 330 393 531 414 305 295
-9999 -9999 -9999 -9999 -9999 -9999 -9999 -9999 77 77 88 68 100 87 100 102 116 106 79 116 146 162 102 96 143 143 143 138 100 99 169 144 105 109 121 141 151 175 170 192 157 118 135 157 177 181 172 183 175 161 119 109 123 159 165 166 121 145 131 136 172 132 128 228 241 228 247 275 317 219 152 261 340 187 132 101 107 106 134 183 149 206 236 198 259 354 480 332 246 294 370 439 375 292 197
-9999 -9999 -9999 -9999 -9999 -9999 -9999 51 71 68 79 94 85 87 75 92 91 115 101 87 131 185 116 139 123 178 117 133 112 108 150 157 111 146 139 118 161 171 211 227 187 122 106 131 152 143 146 140 125 167 115 102 84 113 134 170 139 165 124 122 154 144 154 176 248 229 199 188 272 228 159 219 303 216 141 112 99 94 116 128 161 163 185 219 257 393 356 253 260 301 325 355 301 282 205
-9999 -9999 -9999 -9999 -9999 -9999 46 65 83 67 64 75 106 93 96 103 91 102 79 93 135 171 155 130 142 158 136 129 118 118 147 164 113 112 132 160 178 212 201 157 174 180 137 151 103 129 148 108 135 139 160 135 157 148 193 191 155 127 110 101 139 185 197 206 157 207 171 148 196 179 223 224 286 311 216 158 171 138 124 145 134 129 160 140 253 312 364 244 227 260 258 343 327 308 285
-9999 -9999 -9999 51 47 53 48 58 65 74 63 48 70 87 115 109 139 85 78 120 144 168 150 154 152 116 109 102 119 95 122 117 133 128 131 123 143 189 163 153 136 159 140 134 139 138 134 135 128 168 135 144 153 166 163 176 184 180 156 160 154 210 206 157 125 181 122 125 159 134 156 181 241 290 198 231 202 193 164 129 184 132 153 198 228 309 166 129 148 187 254 254 325 287 255
-9999 -9999 -9999 -9999 -9999 65 54 47 56 70 79 68 61 77 110 116 98 120 133 114 159 190 183 149 134 143 103 97 120 124 132 154 115 155 150 190 194 145 122 130 124 117 147 139 122 148 163 149 199 184 145 192 197 138 133 216 220 166 174 186 197 144 196 153 143 142 134 142 134 111 97 140 209 299 244 208 209 179 202 213 195 165 177 264 286 272 226 118 117 178 255 266 292 282 260
-9999 -9999 -9999 -9999 -9999 -9999 46 50 62 61 79 78 85 106 115 119 114 125 141 160 172 217 162 108 102 124 128 102 138 135 119 109 148 177 169 165 197 155 128 157 185 156 148 151 147 117 143 189 133 197 183 199 215 233 213 208 150 178 145 132 188 127 165 143 158 131 148 152 117 93 88 166 267 258 252 213 204 182 193 217 163 211 159 196 270 195 195 167 120 139 182 180 247 248 280
-9999 -9999 -9999 -9999 -9999 -9999 45 49 55 50 76 87 103 84 95 119 137 116 103 132 185 171 124 99 87 106 113 161 130 138 115 119 156 173 171 218 164 174 150 163 189 199 188 154 179 123 172 174 155 139 195 240 217 188 166 130 103 110 103 153 145 77 143 225 178 173 167 119 86 76 75 137 246 219 151 182 211 153 195 186 199 208 213 218 230 136 125 130 111 121 132 149 212 248 238
-9999 -9999 -9999 -9999 -9999 54 59 61 65 74 79 100 92 105 112 130 143 118 165 218 225 140 116 76 67 131 161 157 118 108 159 108 172 214 195 209 170 146 169 212 193 191 213 224 150 155 224 173 163 188 223 218 157 115 92 86 83 100 132 146 143 119 116 155 201 229 194 130 80 74 88 152 240 170 114 182 139 140 140 178 220 237 218 258 173 107 100 80 96 112 131 155 215 238 247
-9999 -9999 -9999 -9999 -9999 -9999 -9999 63 71 66 81 91 96 106 127 129 156 149 144 165 243 192 135 119 147 165 188 127 124 166 140 125 141 226 221 158 124 132 167 183 222 239 252 246 150 242 273 196 199 235 276 206 142 124 90 94 76 114 158 150 128 143 164 156 184 188 196 110 84 75 97 159 273 167 162 192 155 164 214 213 188 281 257 190 132 97 88 83 93 103 123 168 174 228 226
-9999 -9999 -9999 -9999 -9999 -9999 -9999 72 78 79 58 97 107 111 103 115 154 104 127 177 187 247 194 188 250 172 151 126 124 151 188 142 182 244 176 134 161 169 153 123 157 241 408 330 412 413 325 320 306 263 139 125 161 122 92 104 96 121 137 144 151 152 111 102 123 139 184 168 118 99 114 134 233 220 169 151 135 114 124 154 219 310 214 137 98 78 67 72 63 94 104 129 128 187 186
-9999 -9999 -9999 -9999 -9999 -9999 -9999 99 105 84 91 101 121 97 102 108 122 134 125 163 140 178 287 215 191 138 142 145 130 133 129 207 253 169 146 172 129 165 175 176 214 272 416 476 281 265 262 187 191 276 165 149 144 100 104 109 76 118 105 144 139 99 95 89 92 115 217 183 135 122 114 193 267 191 187 124 91 87 134 198 213 235 183 158 118 77 73 66 80 87 112 110 153 162 200
-9999 -9999 -9999 -9999 -9999 -9999 -9999 66 83 78 98 105 110 117 112 103 125 137 128 123 132 221 322 255 173 126 129 200 122 107 165 303 271 211 186 138 141 145 146 154 193 289 435 335 190 232 164 174 192 280 275 204 176 132 112 110 115 106 101 122 124 134 101 110 104 132 193 209 182 177 223 257 193 215 181 128 78 96 149 179 249 200 174 167 112 119 102 90 88 106 85 123 113 147 198
-9999 -9999 -9999 -9999 -9999 -9999 -9999 70 71 84 70 94 106 101 105 126 125 121 124 165 191 261 309 402 303 184 206 211 180 169 228 356 281 191 150 172 172 172 163 137 202 349 284 231 238 194 143 164 215 227 237 227 174 175 169 133 111 127 121 113 109 130 92 126 142 166 211 218 248 206 207 248 234 248 176 129 110 87 186 242 253 196 130 156 150 157 103 97 132 121 106 130 99 168 215
-9999 -9999 -9999 -9999 -9999 -9999 68 62 68 68 100 94 108 85 120 134 107 87 127 150 204 235 314 339 380 345 285 212 241 266 377 223 191 188 164 151 167 224 201 189 265 311 244 173 208 145 152 198 158 191 183 229 199 189 144 117 138 126 133 106 103 136 112 111 150 163 165 212 303 243 199 196 281 313 235 191 144 142 250 276 278 229 246 202 219 193 203 135 134 125 138 99 108 137 173
-9999 -9999 -9999 -9999 -9999 -9999 93 82 72 74 95 105 116 111 139 140 114 112 136 162 207 217 249 315 350 584 361 412 477 467 372 269 207 187 192 138 133 197 174 276 348 234 239 215 218 165 163 158 164 140 147 192 238 152 163 145 119 125 151 83 99 107 139 85 92 154 171 161 170 252 213 152 189 347 223 180 192 201 281 265 202 200 193 190 159 154 175 177 167 204 203 146 114 116 169
