Data/GIS/bfa_recorded_trips.asc
ncols         173
nrows         126
xllcorner     224227.65281
yllcorner     1039207.04677
cellsize      5000
NODATA_value  -9999
[rows 84 to 125 of 126, columns 0 to 94 of 173]
-9999 -9999 -9999 -9999 -9999 -9999 92 79 118 90 85 91 122 96 102 127 143 147 165 199 197 260 295 291 253 733 614 800 518 336 267 249 262 221 180 193 142 193 217 287 272 240 202 209 152 132 144 129 122 115 165 214 207 158 118 140 105 115 140 116 87 98 137 112 97 113 106 141 118 171 304 184 164 250 258 179 223 308 270 135 147 158 139 123 100 126 159 178 150 159 178 174 146 122 135
-9999 -9999 -9999 -9999 -9999 69 92 79 93 93 95 88 128 98 105 138 154 141 161 179 239 270 392 501 546 1253 2167 857 498 366 349 348 263 261 266 251 243 245 269 280 218 200 196 146 117 83 113 104 118 124 127 181 193 178 187 150 148 106 149 154 116 74 129 148 133 105 83 102 117 168 182 317 229 214 339 244 289 244 168 144 132 154 131 139 108 129 135 148 126 132 140 165 172 135 159
-9999 -9999 -9999 -9999 85 108 97 104 94 102 107 118 155 113 98 166 185 133 142 166 193 240 347 474 831 3107 2981 1498 590 572 499 427 328 324 296 272 229 215 242 182 192 184 197 142 114 103 102 113 130 137 139 164 200 224 198 160 117 100 120 136 137 96 98 155 149 152 111 87 109 134 171 242 391 276 297 418 297 210 144 109 114 145 139 102 123 117 136 112 122 116 148 136 132 153 188
-9999 -9999 -9999 -9999 105 126 105 125 119 96 96 123 139 93 114 174 209 168 214 194 254 366 447 534 745 1424 941 614 597 526 309 181 187 247 233 207 177 150 184 170 130 146 162 160 175 117 128 157 119 120 139 173 188 195 200 190 151 103 118 113 153 120 116 110 146 148 148 154 137 157 233 328 374 439 542 287 236 223 209 168 114 140 119 117 94 117 108 122 100 132 126 121 137 161 163
-9999 -9999 89 119 131 125 119 131 141 125 128 144 136 94 140 204 216 234 283 275 283 281 214 254 409 841 468 394 263 371 451 217 204 222 199 171 160 137 149 121 113 123 131 150 143 128 142 120 126 151 141 169 203 171 185 132 174 134 140 132 166 178 134 102 131 174 139 179 222 267 229 170 244 364 753 351 239 144 136 178 146 132 100 108 89 110 105 107 89 87 119 91 110 112 135
-9999 83 91 89 120 130 168 163 153 177 166 150 159 113 165 220 164 203 171 147 186 198 177 242 459 494 303 224 171 199 317 360 265 170 156 154 158 128 128 97 94 132 123 149 140 135 143 137 137 153 163 197 197 161 138 119 153 164 174 178 202 175 200 162 148 208 205 198 196 169 146 101 172 286 407 274 215 157 120 121 171 131 133 117 109 103 80 92 63 70 99 87 70 100 117
-9999 98 72 67 97 135 120 117 114 150 210 201 197 174 191 154 150 99 103 119 200 240 239 369 373 332 178 161 119 108 178 340 286 174 134 186 172 140 130 93 123 147 111 158 152 139 156 164 180 212 176 187 169 184 154 126 160 182 152 160 159 130 186 141 129 105 138 94 125 112 92 83 115 119 195 157 121 124 92 98 117 103 129 93 77 80 -9999 -9999 -9999 -9999 91 92 79 88 112
-9999 90 111 92 108 135 100 126 131 180 183 155 204 244 175 115 102 92 93 125 175 248 315 255 222 213 170 162 160 147 163 285 251 240 236 187 185 202 169 172 188 126 138 129 186 163 176 201 228 203 221 182 179 161 181 175 175 146 120 -9999 -9999 -9999 -9999 -9999 -9999 -9999 -9999 -9999 -9999 -9999 -9999 -9999 -9999 -9999 -9999 -9999 -9999 -9999 -9999 -9999 -9999 -9999 -9999 -9999 -9999 -9999 -9999 -9999 -9999 -9999 -9999 -9999 -9999 -9999 -9999
-9999 60 81 102 121 98 142 157 156 142 133 128 152 170 209 144 121 108 134 156 231 288 239 172 184 163 134 148 137 156 193 263 271 250 229 236 224 198 150 191 180 201 211 191 152 168 159 216 173 159 163 168 152 141 163 176 145 140 127 -9999 -9999 -9999 -9999 -9999 -9999 -9999 -9999 -9999 -9999 -9999 -9999 -9999 -9999 -9999 -9999 -9999 -9999 -9999 -9999 -9999 -9999 -9999 -9999 -9999 -9999 -9999 -9999 -9999 -9999 -9999 -9999 -9999 -9999 -9999 -9999
-9999 -9999 97 122 110 98 143 159 116 113 112 112 130 133 227 255 267 222 209 271 214 157 159 174 186 159 158 133 145 184 175 196 176 218 218 201 172 139 112 124 151 147 150 153 127 143 163 136 204 154 126 132 131 133 160 155 142 109 -9999 -9999 -9999 -9999 -9999 -9999 -9999 -9999 -9999 -9999 -9999 -9999 -9999 -9999 -9999 -9999 -9999 -9999 -9999 -9999 -9999 -9999 -9999 -9999 -9999 -9999 -9999 -9999 -9999 -9999 -9999 -9999 -9999 -9999 -9999 -9999 -9999
-9999 -9999 80 117 147 139 154 106 88 127 110 111 151 99 186 212 300 283 297 145 151 145 122 96 147 208 175 145 154 163 173 179 204 170 196 175 171 132 98 115 146 132 131 135 126 135 127 129 204 196 149 122 117 121 123 119 118 99 -9999 -9999 -9999 -9999 -9999 -9999 -9999 -9999 -9999 -9999 -9999 -9999 -9999 -9999 -9999 -9999 -9999 -9999 -9999 -9999 -9999 -9999 -9999 -9999 -9999 -9999 -9999 -9999 -9999 -9999 -9999 -9999 -9999 -9999 -9999 -9999 -9999
-9999 -9999 89 116 145 152 136 151 150 111 175 129 165 127 135 198 368 389 277 189 174 160 143 132 134 183 256 175 152 180 199 166 148 155 162 159 154 116 118 104 111 118 132 127 135 132 184 170 202 191 172 150 148 101 101 92 83 70 -9999 -9999 -9999 -9999 -9999 -9999 -9999 -9999 -9999 -9999 -9999 -9999 -9999 -9999 -9999 -9999 -9999 -9999 -9999 -9999 -9999 -9999 -9999 -9999 -9999 -9999 -9999 -9999 -9999 -9999 -9999 -9999 -9999 -9999 -9999 -9999 -9999
-9999 62 73 96 128 154 119 172 153 132 192 158 229 178 192 263 347 333 168 172 175 139 144 199 262 317 318 238 255 215 196 184 155 153 157 142 153 131 120 92 98 97 108 97 130 149 130 138 160 182 146 121 85 90 95 100 100 -9999 -9999 -9999 -9999 -9999 -9999 -9999 -9999 -9999 -9999 -9999 -9999 -9999 -9999 -9999 -9999 -9999 -9999 -9999 -9999 -9999 -9999 -9999 -9999 -9999 -9999 -9999 -9999 -9999 -9999 -9999 -9999 -9999 -9999 -9999 -9999 -9999 -9999
-9999 68 77 92 125 185 183 200 176 181 226 255 273 271 267 332 517 281 208 213 193 241 205 295 288 247 430 479 240 148 122 123 125 120 144 121 114 116 126 98 100 111 110 92 96 130 90 89 154 232 159 144 96 85 112 113 119 -9999 -9999 -9999 -9999 -9999 -9999 -9999 -9999 -9999 -9999 -9999 -9999 -9999 -9999 -9999 -9999 -9999 -9999 -9999 -9999 -9999 -9999 -9999 -9999 -9999 -9999 -9999 -9999 -9999 -9999 -9999 -9999 -9999 -9999 -9999 -9999 -9999 -9999
-9999 97 85 92 138 147 180 179 231 232 217 208 220 199 295 462 559 259 309 292 313 258 283 223 184 130 171 325 337 255 130 123 95 105 119 104 86 101 95 119 86 125 134 102 103 114 103 123 155 247 170 96 103 131 98 109 -9999 -9999 -9999 -9999 -9999 -9999 -9999 -9999 -9999 -9999 -9999 -9999 -9999 -9999 -9999 -9999 -9999 -9999 -9999 -9999 -9999 -9999 -9999 -9999 -9999 -9999 -9999 -9999 -9999 -9999 -9999 -9999 -9999 -9999 -9999 -9999 -9999 -9999 -9999
-9999 112 102 141 120 155 173 135 204 167 194 182 236 205 239 330 350 235 160 195 235 200 194 196 181 135 140 223 253 331 216 147 103 116 98 96 83 117 144 88 93 119 140 145 150 115 119 127 164 223 144 123 102 139 115 115 95 -9999 -9999 -9999 -9999 -9999 -9999 -9999 -9999 -9999 -9999 -9999 -9999 -9999 -9999 -9999 -9999 -9999 -9999 -9999 -9999 -9999 -9999 -9999 -9999 -9999 -9999 -9999 -9999 -9999 -9999 -9999 -9999 -9999 -9999 -9999 -9999 -9999 -9999
-9999 79 96 105 120 111 134 125 179 189 138 151 231 170 151 274 209 223 186 203 189 130 117 132 129 139 157 225 175 193 304 239 150 105 117 130 101 123 145 112 107 143 139 125 146 148 162 177 174 268 147 119 140 127 92 102 89 -9999 -9999 -9999 -9999 -9999 -9999 -9999 -9999 -9999 -9999 -9999 -9999 -9999 -9999 -9999 -9999 -9999 -9999 -9999 -9999 -9999 -9999 -9999 -9999 -9999 -9999 -9999 -9999 -9999 -9999 -9999 -9999 -9999 -9999 -9999 -9999 -9999 -9999
-9999 89 105 89 102 104 133 159 139 135 166 191 135 119 129 266 181 139 159 163 125 115 108 103 94 110 104 133 113 137 174 229 245 163 180 137 149 140 158 94 119 152 138 104 112 133 127 174 175 213 226 134 179 110 86 124 96 -9999 -9999 -9999 -9999 -9999 -9999 -9999 -9999 -9999 -9999 -9999 -9999 -9999 -9999 -9999 -9999 -9999 -9999 -9999 -9999 -9999 -9999 -9999 -9999 -9999 -9999 -9999 -9999 -9999 -9999 -9999 -9999 -9999 -9999 -9999 -9999 -9999 -9999
85 98 106 111 101 119 135 119 99 117 147 131 111 125 168 253 143 114 136 166 103 106 78 73 78 77 75 92 89 99 125 173 276 295 324 216 223 177 137 111 121 170 146 106 103 104 123 97 108 195 254 221 195 150 130 120 80 93 -9999 -9999 -9999 -9999 -9999 -9999 -9999 -9999 -9999 -9999 -9999 -9999 -9999 -9999 -9999 -9999 -9999 -9999 -9999 -9999 -9999 -9999 -9999 -9999 -9999 -9999 -9999 -9999 -9999 -9999 -9999 -9999 -9999 -9999 -9999 -9999 -9999
86 85 110 92 101 113 99 113 109 137 159 176 105 136 218 208 142 101 98 123 120 97 77 73 65 62 48 68 83 107 126 150 199 174 186 296 342 170 128 140 119 141 167 127 90 103 98 114 139 165 275 224 166 127 130 115 96 91 101 102 -9999 -9999 -9999 -9999 -9999 -9999 -9999 -9999 -9999 -9999 -9999 -9999 -9999 -9999 -9999 -9999 -9999 -9999 -9999 -9999 -9999 -9999 -9999 -9999 -9999 -9999 -9999 -9999 -9999 -9999 -9999 -9999 -9999 -9999 -9999
-9999 72 72 91 99 104 97 127 93 131 153 186 176 208 305 177 124 71 68 90 120 105 71 57 58 48 56 64 78 94 161 178 167 109 184 282 298 297 192 207 183 175 165 143 135 160 175 195 240 262 368 182 160 99 91 94 79 71 91 -9999 -9999 -9999 -9999 -9999 -9999 -9999 -9999 -9999 -9999 -9999 -9999 -9999 -9999 -9999 -9999 -9999 -9999 -9999 -9999 -9999 -9999 -9999 -9999 -9999 -9999 -9999 -9999 -9999 -9999 -9999 -9999 -9999 -9999 -9999 -9999
-9999 -9999 77 84 93 100 78 103 92 131 185 216 305 274 216 132 106 89 78 92 100 116 91 88 47 57 60 73 94 168 172 150 163 141 149 164 255 221 289 268 260 236 246 224 217 219 257 239 279 349 447 289 208 129 92 89 67 118 -9999 -9999 -9999 -9999 -9999 -9999 -9999 -9999 -9999 -9999 -9999 -9999 -9999 -9999 -9999 -9999 -9999 -9999 -9999 -9999 -9999 -9999 -9999 -9999 -9999 -9999 -9999 -9999 -9999 -9999 -9999 -9999 -9999 -9999 -9999 -9999 -9999
-9999 -9999 -9999 -9999 -9999 -9999 -9999 -9999 -9999 133 190 253 428 234 128 115 83 68 78 66 84 83 87 72 63 54 49 66 97 128 138 104 139 131 136 157 198 186 212 200 170 150 175 186 125 147 165 173 217 310 218 175 222 178 127 98 80 63 96 -9999 -9999 -9999 -9999 -9999 -9999 -9999 -9999 -9999 -9999 -9999 -9999 -9999 -9999 -9999 -9999 -9999 -9999 -9999 -9999 -9999 -9999 -9999 -9999 -9999 -9999 -9999 -9999 -9999 -9999 -9999 -9999 -9999 -9999 -9999 -9999
-9999 -9999 -9999 -9999 -9999 -9999 -9999 -9999 -9999 131 201 282 207 170 173 142 98 69 55 63 75 76 92 83 53 65 46 81 100 114 103 107 99 111 116 150 193 199 134 130 120 108 136 174 158 155 241 263 233 193 205 120 160 178 149 99 91 70 62 106 -9999 -9999 -9999 -9999 -9999 -9999 -9999 -9999 -9999 -9999 -9999 -9999 -9999 -9999 -9999 -9999 -9999 -9999 -9999 -9999 -9999 -9999 -9999 -9999 -9999 -9999 -9999 -9999 -9999 -9999 -9999 -9999 -9999 -9999 -9999
-9999 -9999 -9999 -9999 -9999 -9999 -9999 -9999 -9999 183 223 210 182 153 128 150 86 60 62 57 67 46 51 85 67 61 46 71 87 120 96 87 95 89 117 120 145 132 119 98 78 94 110 175 188 192 186 139 142 136 164 125 122 98 113 136 102 100 67 177 -9999 -9999 -9999 -9999 -9999 -9999 -9999 -9999 -9999 -9999 -9999 -9999 -9999 -9999 -9999 -9999 -9999 -9999 -9999 -9999 -9999 -9999 -9999 -9999 -9999 -9999 -9999 -9999 -9999 -9999 -9999 -9999 -9999 -9999 -9999
-9999 -9999 -9999 -9999 -9999 -9999 -9999 -9999 -9999 -9999 116 101 124 140 114 142 105 72 57 77 68 75 78 75 57 56 56 75 85 109 89 91 73 82 73 99 112 97 117 81 74 97 108 162 188 169 111 97 84 94 142 142 95 81 74 125 130 102 82 104 -9999 -9999 -9999 -9999 -9999 -9999 -9999 -9999 -9999 -9999 -9999 -9999 -9999 -9999 -9999 -9999 -9999 -9999 -9999 -9999 -9999 -9999 -9999 -9999 -9999 -9999 -9999 -9999 -9999 -9999 -9999 -9999 -9999 -9999 -9999
-9999 -9999 -9999 -9999 -9999 -9999 -9999 -9999 -9999 -9999 78 68 58 79 96 121 107 95 75 87 93 73 85 72 55 70 73 96 105 86 93 67 62 60 73 91 112 88 84 90 80 105 140 162 185 145 122 92 80 85 100 136 84 84 88 101 104 92 103 66 -9999 -9999 -9999 -9999 -9999 -9999 -9999 -9999 -9999 -9999 -9999 -9999 -9999 -9999 -9999 -9999 -9999 -9999 -9999 -9999 -9999 -9999 -9999 -9999 -9999 -9999 -9999 -9999 -9999 -9999 -9999 -9999 -9999 -9999 -9999
-9999 -9999 -9999 -9999 -9999 -9999 -9999 -9999 -9999 -9999 -9999 -9999 37 76 89 100 115 84 87 84 64 69 55 59 68 59 73 84 76 82 64 55 48 53 76 70 113 92 108 104 107 127 104 103 168 179 182 122 112 93 103 116 109 80 67 74 99 103 89 68 -9999 -9999 -9999 -9999 -9999 -9999 -9999 -9999 -9999 -9999 -9999 -9999 -9999 -9999 -9999 -9999 -9999 -9999 -9999 -9999 -9999 -9999 -9999 -9999 -9999 -9999 -9999 -9999 -9999 -9999 -9999 -9999 -9999 -9999 -9999
-9999 -9999 -9999 -9999 -9999 -9999 -9999 -9999 -9999 -9999 -9999 -9999 43 57 56 87 77 90 55 67 72 57 61 59 66 48 62 106 68 83 52 51 58 58 54 59 74 67 88 60 97 103 94 95 162 129 129 137 122 123 102 135 102 83 89 86 98 80 68 61 -9999 -9999 -9999 -9999 -9999 -9999 -9999 -9999 -9999 -9999 -9999 -9999 -9999 -9999 -9999 -9999 -9999 -9999 -9999 -9999 -9999 -9999 -9999 -9999 -9999 -9999 -9999 -9999 -9999 -9999 -9999 -9999 -9999 -9999 -9999
-9999 -9999 -9999 -9999 -9999 -9999 -9999 -9999 -9999 -9999 -9999 -9999 51 41 53 67 75 87 74 77 52 47 59 63 68 69 76 77 59 46 54 54 49 56 48 63 73 76 68 57 55 77 81 111 154 126 99 76 104 82 84 115 88 89 74 75 97 57 77 70 -9999 -9999 -9999 -9999 -9999 -9999 -9999 -9999 -9999 -9999 -9999 -9999 -9999 -9999 -9999 -9999 -9999 -9999 -9999 -9999 -9999 -9999 -9999 -9999 -9999 -9999 -9999 -9999 -9999 -9999 -9999 -9999 -9999 -9999 -9999
-9999 -9999 -9999 -9999 -9999 -9999 -9999 -9999 -9999 -9999 -9999 -9999 63 43 38 41 50 71 58 82 69 54 62 60 68 83 99 68 52 67 53 46 48 47 65 54 58 98 -9999 -9999 -9999 -9999 -9999 -9999 -9999 115 85 82 86 70 -9999 95 84 99 83 82 94 82 76 59 -9999 -9999 -9999 -9999 -9999 -9999 -9999 -9999 -9999 -9999 -9999 -9999 -9999 -9999 -9999 -9999 -9999 -9999 -9999 -9999 -9999 -9999 -9999 -9999 -9999 -9999 -9999 -9999 -9999 -9999 -9999 -9999 -9999 -9999 -9999
-9999 -9999 -9999 -9999 -9999 -9999 -9999 -9999 -9999 -9999 -9999 -9999 -9999 -9999 51 43 36 65 71 57 60 61 64 67 81 68 76 69 68 61 57 49 51 50 89 -9999 -9999 -9999 -9999 -9999 -9999 -9999 -9999 -9999 -9999 -9999 -9999 -9999 78 70 -9999 60 71 86 78 75 73 52 68 41 -9999 -9999 -9999 -9999 -9999 -9999 -9999 -9999 -9999 -9999 -9999 -9999 -9999 -9999 -9999 -9999 -9999 -9999 -9999 -9999 -9999 -9999 -9999 -9999 -9999 -9999 -9999 -9999 -9999 -9999 -9999 -9999 -9999 -9999 -9999
-9999 -9999 -9999 -9999 -9999 -9999 -9999 -9999 -9999 -9999 -9999 -9999 -9999 -9999 -9999 -9999 39 60 59 39 52 41 44 56 63 58 80 56 54 55 -9999 66 -9999 -9999 -9999 -9999 -9999 -9999 -9999 -9999 -9999 -9999 -9999 -9999 -9999 -9999 -9999 -9999 -9999 -9999 -9999 -9999 -9999 79 54 67 57 53 74 59 29 -9999 -9999 -9999 -9999 -9999 -9999 -9999 -9999 -9999 -9999 -9999 -9999 -9999 -9999 -9999 -9999 -9999 -9999 -9999 -9999 -9999 -9999 -9999 -9999 -9999 -9999 -9999 -9999 -9999 -9999 -9999 -9999 -9999 -9999
-9999 -9999 -9999 -9999 -9999 -9999 -9999 -9999 -9999 -9999 -9999 -9999 -9999 -9999 -9999 33 43 54 63 48 60 38 52 75 61 60 73 70 63 -9999 -9999 -9999 -9999 -9999 -9999 -9999 -9999 -9999 -9999 -9999 -9999 -9999 -9999 -9999 -9999 -9999 -9999 -9999 -9999 -9999 -9999 -9999 -9999 58 51 49 56 47 56 60 -9999 -9999 -9999 -9999 -9999 -9999 -9999 -9999 -9999 -9999 -9999 -9999 -9999 -9999 -9999 -9999 -9999 -9999 -9999 -9999 -9999 -9999 -9999 -9999 -9999 -9999 -9999 -9999 -9999 -9999 -9999 -9999 -9999 -9999 -9999
-9999 -9999 -9999 -9999 -9999 -9999 -9999 -9999 -9999 -9999 -9999 -9999 -9999 -9999 -9999 -9999 -9999 38 50 59 37 -9999 50 53 51 68 61 -9999 -9999 -9999 -9999 -9999 -9999 -9999 -9999 -9999 -9999 -9999 -9999 -9999 -9999 -9999 -9999 -9999 -9999 -9999 -9999 -9999 -9999 -9999 -9999 -9999 -9999 50 45 37 41 44 79 56 -9999 -9999 -9999 -9999 -9999 -9999 -9999 -9999 -9999 -9999 -9999 -9999 -9999 -9999 -9999 -9999 -9999 -9999 -9999 -9999 -9999 -9999 -9999 -9999 -9999 -9999 -9999 -9999 -9999 -9999 -9999 -9999 -9999 -9999 -9999
-9999 -9999 -9999 -9999 -9999 -9999 -9999 -9999 -9999 -9999 -9999 -9999 -9999 -9999 -9999 -9999 -9999 -9999 58 -9999 46 -9999 41 75 76 55 37 -9999 -9999 -9999 -9999 -9999 -9999 -9999 -9999 -9999 -9999 -9999 -9999 -9999 -9999 -9999 -9999 -9999 -9999 -9999 -9999 -9999 -9999 -9999 -9999 -9999 -9999 -9999 -9999 36 42 36 46 49 -9999 -9999 -9999 -9999 -9999 -9999 -9999 -9999 -9999 -9999 -9999 -9999 -9999 -9999 -9999 -9999 -9999 -9999 -9999 -9999 -9999 -9999 -9999 -9999 -9999 -9999 -9999 -9999 -9999 -9999 -9999 -9999 -9999 -9999 -9999
-9999 -9999 -9999 -9999 -9999 -9999 -9999 -9999 -9999 -9999 -9999 -9999 -9999 -9999 -9999 -9999 -9999 -9999 -9999 -9999 -9999 -9999 -9999 -9999 56 66 42 -9999 -9999 -9999 -9999 -9999 -9999 -9999 -9999 -9999 -9999 -9999 -9999 -9999 -9999 -9999 -9999 -9999 -9999 -9999 -9999 -9999 -9999 -9999 -9999 -9999 -9999 -9999 -9999 -9999 32 34 42 60 -9999 -9999 -9999 -9999 -9999 -9999 -9999 -9999 -9999 -9999 -9999 -9999 -9999 -9999 -9999 -9999 -9999 -9999 -9999 -9999 -9999 -9999 -9999 -9999 -9999 -9999 -9999 -9999 -9999 -9999 -9999 -9999 -9999 -9999 -9999
-9999 -9999 -9999 -9999 -9999 -9999 -9999 -9999 -9999 -9999 -9999 -9999 -9999 -9999 -9999 -9999 -9999 -9999 -9999 -9999 -9999 -9999 -9999 -9999 41 -9999 -9999 -9999 -9999 -9999 -9999 -9999 -9999 -9999 -9999 -9999 -9999 -9999 -9999 -9999 -9999 -9999 -9999 -9999 -9999 -9999 -9999 -9999 -9999 -9999 -9999 -9999 -9999 -9999 -9999 -9999 23 42 64 44 -9999 -9999 -9999 -9999 -9999 -9999 -9999 -9999 -9999 -9999 -9999 -9999 -9999 -9999 -9999 -9999 -9999 -9999 -9999 -9999 -9999 -9999 -9999 -9999 -9999 -9999 -9999 -9999 -9999 -9999 -9999 -9999 -9999 -9999 -9999
-9999 -9999 -9999 -9999 -9999 -9999 -9999 -9999 -9999 -9999 -9999 -9999 -9999 -9999 -9999 -9999 -9999 -9999 -9999 -9999 -9999 -9999 -9999 -9999 -9999 -9999 -9999 -9999 -9999 -9999 -9999 -9999 -9999 -9999 -9999 -9999 -9999 -9999 -9999 -9999 -9999 -9999 -9999 -9999 -9999 -9999 -9999 -9999 -9999 -9999 -9999 -9999 -9999 -9999 -9999 -9999 -9999 31 47 33 -9999 -9999 -9999 -9999 -9999 -9999 -9999 -9999 -9999 -9999 -9999 -9999 -9999 -9999 -9999 -9999 -9999 -9999 -9999 -9999 -9999 -9999 -9999 -9999 -9999 -9999 -9999 -9999 -9999 -9999 -9999 -9999 -9999 -9999 -9999
-9999 -9999 -9999 -9999 -9999 -9999 -9999 -9999 -9999 -9999 -9999 -9999 -9999 -9999 -9999 -9999 -9999 -9999 -9999 -9999 -9999 -9999 -9999 -9999 -9999 -9999 -9999 -9999 -9999 -9999 -9999 -9999 -9999 -9999 -9999 -9999 -9999 -9999 -9999 -9999 -9999 -9999 -9999 -9999 -9999 -9999 -9999 -9999 -9999 -9999 -9999 -9999 -9999 -9999 -9999 -9999 -9999 -9999 35 43 45 47 -9999 -9999 -9999 -9999 -9999 -9999 -9999 -9999 -9999 -9999 -9999 -9999 -9999 -9999 -9999 -9999 -9999 -9999 -9999 -9999 -9999 -9999 -9999 -9999 -9999 -9999 -9999 -9999 -9999 -9999 -9999 -9999 -9999
-9999 -9999 -9999 -9999 -9999 -9999 -9999 -9999 -9999 -9999 -9999 -9999 -9999 -9999 -9999 -9999 -9999 -9999 -9999 -9999 -9999 -9999 -9999 -9999 -9999 -9999 -9999 -9999 -9999 -9999 -9999 -9999 -9999 -9999 -9999 -9999 -9999 -9999 -9999 -9999 -9999 -9999 -9999 -9999 -9999 -9999 -9999 -9999 -9999 -9999 -9999 -9999 -9999 -9999 -9999 -9999 -9999 -9999 -9999 37 49 -9999 -9999 -9999 -9999 -9999 -9999 -9999 -9999 -9999 -9999 -9999 -9999 -9999 -9999 -9999 -9999 -9999 -9999 -9999 -9999 -9999 -9999 -9999 -9999 -9999 -9999 -9999 -9999 -9999 -9999 -9999 -9999 -9999 -9999
-9999 -9999 -9999 -9999 -9999 -9999 -9999 -9999 -9999 -9999 -9999 -9999 -9999 -9999 -9999 -9999 -9999 -9999 -9999 -9999 -9999 -9999 -9999 -9999 -9999 -9999 -9999 -9999 -9999 -9999 -9999 -9999 -9999 -9999 -9999 -9999 -9999 -9999 -9999 -9999 -9999 -9999 -9999 -9999 -9999 -9999 -9999 -9999 -9999 -9999 -9999 -9999 -9999 -9999 -9999 -9999 -9999 -9999 -9999 46 613 -9999 -9999 -9999 -9999 -9999 -9999 -9999 -9999 -9999 -9999 -9999 -9999 -9999 -9999 -9999 -9999 -9999 -9999 -9999 -9999 -9999 -9999 -9999 -9999 -9999 -9999 -9999 -9999 -9999 -9999 -9999 -9999 -9999 -9999
